None,1,1,0.21393084526062012,-5.0
-0.4987170372472396,1,1,0.15262722969055176,-13.0
-0.3139720633382357,1,1,0.1385631561279297,41.0
-0.24112472209332397,1,1,0.13865041732788086,19.0
-0.164475817401225,1,1,0.140791654586792,43.0
None,1,2,0.12367129325866699,-1.0
-0.4745091513320145,1,2,0.12039327621459961,20.0
-0.27261837022550106,1,2,0.12222433090209961,27.0
-0.2250512654776784,1,2,0.14358997344970703,32.0
-0.1410996256917794,1,2,0.14061355590820312,39.0
None,1,3,0.12343168258666992,-0.0
-0.41007115916461745,1,3,0.13332867622375488,-3.0
-0.22579477787240604,1,3,0.13718485832214355,17.0
-0.3044676548572758,1,3,0.12010645866394043,39.0
-0.1415932568680939,1,3,0.11748361587524414,44.0
None,1,4,0.1620924472808838,-8.0
-0.41504314018725325,1,4,0.12103581428527832,40.0
-0.391454158167822,1,4,0.11942791938781738,13.0
-0.2806220810301048,1,4,0.1185758113861084,31.0
-0.17550180979435076,1,4,0.11830997467041016,47.0
None,1,5,0.12652134895324707,-4.0
-0.4864770774690889,1,5,0.1224665641784668,6.0
-0.3287127162052732,1,5,0.1419222354888916,18.0
-0.21227626295083674,1,5,0.12004423141479492,45.0
-0.11041421110668852,1,5,0.13890695571899414,48.0
None,1,6,0.16254305839538574,-5.0
-0.4356380143617215,1,6,0.13226079940795898,-4.0
-0.32099770865639016,1,6,0.14385366439819336,17.0
-0.27285362820098985,1,6,0.12146282196044922,39.0
-0.05356976816138189,1,6,0.1361691951751709,50.0
None,1,7,0.1222069263458252,-3.0
-0.38927096304236053,1,7,0.12044453620910645,8.0
-0.366878369507243,1,7,0.12170243263244629,22.0
-0.2824258101650511,1,7,0.12069249153137207,35.0
-0.09782102772365009,1,7,0.16006088256835938,46.0
None,1,8,0.14168715476989746,-0.0
-0.4002390495645852,1,8,0.15005064010620117,-10.0
-0.29564071049769386,1,8,0.12114167213439941,22.0
-0.22003118293319932,1,8,0.11896538734436035,35.0
-0.08487712810066389,1,8,0.13495230674743652,46.0
None,1,9,0.12067341804504395,-2.0
-0.4327193500990598,1,9,0.12050199508666992,10.0
-0.3173931517832881,1,9,0.1199808120727539,25.0
-0.24273522319720914,1,9,0.11711502075195312,41.0
-0.15322748334627018,1,9,0.13707804679870605,48.0
None,1,10,0.1210181713104248,-3.0
-0.37299068638974636,1,10,0.15904664993286133,29.0
-0.2689517393945433,1,10,0.12189579010009766,11.0
-0.2618076135084801,1,10,0.12092828750610352,7.0
-0.14164814103429443,1,10,0.13225483894348145,48.0
None,2,1,0.19940495491027832,10.208333333333332
-0.4987170372472396,2,1,0.26164937019348145,36.17925925925926
-0.3139720633382357,2,1,0.14217710494995117,41.090322580645164
-0.24112472209332397,2,1,0.18766522407531738,46.351247600767756
-0.164475817401225,2,1,0.17625927925109863,45.90625
None,2,2,0.21570253372192383,8.122448979591844
-0.4745091513320145,2,2,0.14888334274291992,37.56657963446475
-0.27261837022550106,2,2,0.14377307891845703,42.42909760589319
-0.2250512654776784,2,2,0.15211963653564453,44.01468428781204
-0.1410996256917794,2,2,0.15337848663330078,42.94472361809045
None,2,3,0.22397160530090332,13.810126582278484
-0.41007115916461745,2,3,0.16550135612487793,30.87524557956778
-0.22579477787240604,2,3,0.1504058837890625,44.27077747989276
-0.3044676548572758,2,3,0.15252089500427246,40.83863080684597
-0.1415932568680939,2,3,0.14656662940979004,45.79761904761905
None,2,4,0.21209025382995605,8.1875
-0.41504314018725325,2,4,0.17890620231628418,40.66233766233766
-0.391454158167822,2,4,0.1478898525238037,35.19798657718121
-0.2806220810301048,2,4,0.13589835166931152,46.94642857142858
-0.17550180979435076,2,4,0.12853360176086426,47.12738853503185
None,2,5,0.20277953147888184,10.230769230769232
-0.4864770774690889,2,5,0.17318010330200195,31.87671232876712
-0.3287127162052732,2,5,0.16377615928649902,37.660777385159015
-0.21227626295083674,2,5,0.14275884628295898,45.14541387024609
-0.11041421110668852,2,5,0.1298980712890625,48.834983498349835
None,2,6,0.1891307830810547,16.315789473684212
-0.4356380143617215,2,6,0.19548916816711426,31.307692307692307
-0.32099770865639016,2,6,0.17737650871276855,41.69397042093288
-0.27285362820098985,2,6,0.1585230827331543,40.186588921282805
-0.05356976816138189,2,6,0.1280052661895752,50.0
None,2,7,0.18485379219055176,16.075268817204304
-0.38927096304236053,2,7,0.16402482986450195,45.214854111405835
-0.366878369507243,2,7,0.14813876152038574,37.48042704626334
-0.2824258101650511,2,7,0.20714807510375977,39.67400419287212
-0.09782102772365009,2,7,0.17856788635253906,46.54433497536964
None,2,8,0.22149062156677246,13.406015037593985
-0.4002390495645852,2,8,0.1498394012451172,40.00398406374502
-0.29564071049769386,2,8,0.15976762771606445,40.05172413793103
-0.22003118293319932,2,8,0.1572105884552002,42.33333333333333
-0.08487712810066389,2,8,0.132368803024292,46.586956521739125
None,2,9,0.21045994758605957,12.964912280701757
-0.4327193500990598,2,9,0.17249464988708496,40.69924812030075
-0.3173931517832881,2,9,0.13345956802368164,44.29479768786126
-0.24273522319720914,2,9,0.15718841552734375,41.81632653061225
-0.15322748334627018,2,9,0.12408280372619629,49.30081300813008
None,2,10,0.20682787895202637,8.222222222222221
-0.37299068638974636,2,10,0.1662137508392334,33.09375
-0.2689517393945433,2,10,0.13505077362060547,41.43230403800475
-0.2618076135084801,2,10,0.1445450782775879,37.13235294117647
-0.14164814103429443,2,10,0.1384594440460205,48.0
None,3,1,0.16202092170715332,15.260504201680677
-0.4987170372472396,3,1,0.23827648162841797,42.33429894391095
-0.3139720633382357,3,1,0.13814091682434082,41.57397930085245
-0.24112472209332397,3,1,0.16087079048156738,46.360609914706785
-0.164475817401225,3,1,0.18372678756713867,45.90625
None,3,2,0.19300103187561035,19.19779527559055
-0.4745091513320145,3,2,0.14996123313903809,40.86145302725271
-0.27261837022550106,3,2,0.14824914932250977,46.20359838693
-0.2250512654776784,3,2,0.1387772560119629,47.90809961354052
-0.1410996256917794,3,2,0.13773488998413086,42.94472361809045
None,3,3,0.2042524814605713,26.028647214854114
-0.41007115916461745,3,3,0.18126201629638672,33.179768279088464
-0.22579477787240604,3,3,0.13536691665649414,44.27077747989276
-0.3044676548572758,3,3,0.1402449607849121,42.41543570669501
-0.1415932568680939,3,3,0.19091248512268066,46.4593965128997
None,3,4,0.18879008293151855,16.544303797468352
-0.41504314018725325,3,4,0.1624925136566162,43.29935521565845
-0.391454158167822,3,4,0.13542890548706055,43.53641711091782
-0.2806220810301048,3,4,0.13350152969360352,46.94642857142858
-0.17550180979435076,3,4,0.130204439163208,47.12738853503185
None,3,5,0.18538665771484375,15.758835758835756
-0.4864770774690889,3,5,0.16695356369018555,40.35718620603555
-0.3287127162052732,3,5,0.17673754692077637,41.74633287966896
-0.21227626295083674,3,5,0.13190102577209473,45.22476039710882
-0.11041421110668852,3,5,0.14403295516967773,48.834983498349835
None,3,6,0.17541813850402832,18.262658763759525
-0.4356380143617215,3,6,0.21784472465515137,40.93042865300879
-0.32099770865639016,3,6,0.15874099731445312,43.726982328021535
-0.27285362820098985,3,6,0.15225672721862793,44.01678690887442
-0.05356976816138189,3,6,0.1275920867919922,50.0
None,3,7,0.16312551498413086,25.07450980392157
-0.38927096304236053,3,7,0.14294981956481934,47.697846230904084
-0.366878369507243,3,7,0.1511378288269043,40.63916280036982
-0.2824258101650511,3,7,0.1625983715057373,42.67508399013835
-0.09782102772365009,3,7,0.14903640747070312,46.54433497536959
None,3,8,0.18194365501403809,19.246994895438828
-0.4002390495645852,3,8,0.14119243621826172,41.315847077988195
-0.29564071049769386,3,8,0.1342923641204834,41.10046824477277
-0.22003118293319932,3,8,0.1645493507385254,43.89559041079849
-0.08487712810066389,3,8,0.1277930736541748,46.586956521739125
None,3,9,0.19010376930236816,18.835468644639246
-0.4327193500990598,3,9,0.16046547889709473,41.91185023686304
-0.3173931517832881,3,9,0.15477442741394043,44.3981798503856
-0.24273522319720914,3,9,0.1524052619934082,43.08630095944148
-0.15322748334627018,3,9,0.12418627738952637,49.30081300813008
None,3,10,0.20633935928344727,19.442696383699335
-0.37299068638974636,3,10,0.16822600364685059,38.64652055425478
-0.2689517393945433,3,10,0.13258647918701172,42.21830483037411
-0.2618076135084801,3,10,0.1396620273590088,39.392147756716625
-0.14164814103429443,3,10,0.14590144157409668,48.0
None,4,1,0.15568065643310547,19.782946984639985
-0.4987170372472396,4,1,0.17673826217651367,42.357175336918495
-0.3139720633382357,4,1,0.13744664192199707,41.57397930085245
-0.24112472209332397,4,1,0.14014625549316406,46.360609914706785
-0.164475817401225,4,1,0.14255928993225098,45.90625
None,4,2,0.1924889087677002,21.554089199562995
-0.4745091513320145,4,2,0.15941214561462402,41.007768286749325
-0.27261837022550106,4,2,0.12599468231201172,46.30182572405657
-0.2250512654776784,4,2,0.18116426467895508,47.90809961354052
-0.1410996256917794,4,2,0.15143918991088867,42.94472361809045
None,4,3,0.1551980972290039,28.704990082535012
-0.41007115916461745,4,3,0.1751706600189209,33.7222085602572
-0.22579477787240604,4,3,0.1380465030670166,44.27077747989276
-0.3044676548572758,4,3,0.15852069854736328,42.45691809527493
-0.1415932568680939,4,3,0.13442444801330566,46.92364031823903
None,4,4,0.17708230018615723,19.364231934320898
-0.41504314018725325,4,4,0.14279866218566895,45.20295517603469
-0.391454158167822,4,4,0.13587141036987305,43.53641711091782
-0.2806220810301048,4,4,0.13092446327209473,46.94642857142858
-0.17550180979435076,4,4,0.14659333229064941,47.12738853503185
None,4,5,0.16926193237304688,18.45764308526526
-0.4864770774690889,4,5,0.15358233451843262,40.35718620603555
-0.3287127162052732,4,5,0.15674161911010742,41.74633287966896
-0.21227626295083674,4,5,0.1293172836303711,45.22476039710882
-0.11041421110668852,4,5,0.12625980377197266,48.834983498349835
None,4,6,0.23041653633117676,21.56620194775025
-0.4356380143617215,4,6,0.1519184112548828,41.18205592925211
-0.32099770865639016,4,6,0.1391894817352295,43.75740556144961
-0.27285362820098985,4,6,0.17510080337524414,44.21876605069036
-0.05356976816138189,4,6,0.12382292747497559,50.0
None,4,7,0.18449974060058594,26.068089405850316
-0.38927096304236053,4,7,0.1257314682006836,47.752197748971014
-0.366878369507243,4,7,0.14755916595458984,41.68942290838159
-0.2824258101650511,4,7,0.14081740379333496,43.67069108317354
-0.09782102772365009,4,7,0.13006854057312012,46.54433497536959
None,4,8,0.15541958808898926,20.768759151299687
-0.4002390495645852,4,8,0.15067672729492188,41.315847077988195
-0.29564071049769386,4,8,0.15489745140075684,41.10046824477277
-0.22003118293319932,4,8,0.1563398838043213,43.904077804588866
-0.08487712810066389,4,8,0.1245119571685791,46.586956521739125
None,4,9,0.19739365577697754,21.193701712536047
-0.4327193500990598,4,9,0.16364812850952148,41.938032423509085
-0.3173931517832881,4,9,0.12502574920654297,45.16389043644379
-0.24273522319720914,4,9,0.12899279594421387,43.171162945515796
-0.15322748334627018,4,9,0.11962413787841797,49.30081300813008
None,4,10,0.2573099136352539,31.555361491893393
-0.37299068638974636,4,10,0.1727151870727539,40.96924346158381
-0.2689517393945433,4,10,0.13659310340881348,42.21830483037411
-0.2618076135084801,4,10,0.17148303985595703,40.589222732484515
-0.14164814103429443,4,10,0.1253037452697754,48.0
None,5,1,0.15713262557983398,20.000246950492887
-0.4987170372472396,5,1,0.15105557441711426,42.357175336918495
-0.3139720633382357,5,1,0.18095850944519043,41.57397930085245
-0.24112472209332397,5,1,0.14133143424987793,46.360609914706785
-0.164475817401225,5,1,0.17665696144104004,45.90625
None,5,2,0.2253742218017578,23.079152611967952
-0.4745091513320145,5,2,0.15089917182922363,41.007768286749325
-0.27261837022550106,5,2,0.12381219863891602,46.30182572405657
-0.2250512654776784,5,2,0.14420485496520996,47.90809961354052
-0.1410996256917794,5,2,0.1329059600830078,42.94472361809045
None,5,3,0.15813255310058594,29.767542899965346
-0.41007115916461745,5,3,0.15613007545471191,33.7222085602572
-0.22579477787240604,5,3,0.13081145286560059,44.27077747989276
-0.3044676548572758,5,3,0.16447114944458008,42.53842994461505
-0.1415932568680939,5,3,0.12761998176574707,46.92364031823903
None,5,4,0.17023897171020508,23.90829231974022
-0.41504314018725325,5,4,0.17870569229125977,45.214407329316344
-0.391454158167822,5,4,0.1728200912475586,43.53641711091782
-0.2806220810301048,5,4,0.129072904586792,46.94642857142858
-0.17550180979435076,5,4,0.1443617343902588,47.12738853503185
None,5,5,0.1693572998046875,18.45764308526526
-0.4864770774690889,5,5,0.14592599868774414,40.35718620603555
-0.3287127162052732,5,5,0.13390827178955078,41.74633287966896
-0.21227626295083674,5,5,0.1284191608428955,45.22476039710882
-0.11041421110668852,5,5,0.12475776672363281,48.834983498349835
None,5,6,0.18511652946472168,21.692677166829508
-0.4356380143617215,5,6,0.18103384971618652,41.18205592925211
-0.32099770865639016,5,6,0.17184019088745117,43.75740556144961
-0.27285362820098985,5,6,0.15572261810302734,44.21876605069036
-0.05356976816138189,5,6,0.14582204818725586,50.0
None,5,7,0.158066987991333,26.83041915951624
-0.38927096304236053,5,7,0.13999652862548828,47.752197748971014
-0.366878369507243,5,7,0.183135986328125,41.86937268152561
-0.2824258101650511,5,7,0.18035411834716797,43.67069108317354
-0.09782102772365009,5,7,0.15677833557128906,46.54433497536959
None,5,8,0.16119790077209473,22.485184089967852
-0.4002390495645852,5,8,0.14762592315673828,41.315847077988195
-0.29564071049769386,5,8,0.1374356746673584,41.10046824477277
-0.22003118293319932,5,8,0.1392052173614502,43.904077804588866
-0.08487712810066389,5,8,0.12983942031860352,46.586956521739125
None,5,9,0.18156886100769043,22.832959705370897
-0.4327193500990598,5,9,0.14576148986816406,41.938032423509085
-0.3173931517832881,5,9,0.12628841400146484,45.16389043644379
-0.24273522319720914,5,9,0.12918758392333984,43.171162945515796
-0.15322748334627018,5,9,0.13982629776000977,49.30081300813008
None,5,10,0.16761136054992676,32.473322858598955
-0.37299068638974636,5,10,0.16440773010253906,41.293506864091114
-0.2689517393945433,5,10,0.13310027122497559,42.21830483037411
-0.2618076135084801,5,10,0.1654984951019287,41.593406397081814
-0.14164814103429443,5,10,0.1433429718017578,48.0
None,6,1,0.15674614906311035,20.520066330131378
-0.4987170372472396,6,1,0.17039275169372559,42.357175336918495
-0.3139720633382357,6,1,0.16649937629699707,41.57397930085245
-0.24112472209332397,6,1,0.17356634140014648,46.360609914706785
-0.164475817401225,6,1,0.15145397186279297,45.90625
None,6,2,0.14870429039001465,24.146968614944484
-0.4745091513320145,6,2,0.1352863311767578,41.007768286749325
-0.27261837022550106,6,2,0.12329840660095215,46.30182572405657
-0.2250512654776784,6,2,0.12396955490112305,47.90809961354052
-0.1410996256917794,6,2,0.13072538375854492,42.94472361809045
None,6,3,0.1498701572418213,30.508925324963627
-0.41007115916461745,6,3,0.16103529930114746,33.7222085602572
-0.22579477787240604,6,3,0.1378326416015625,44.27077747989276
-0.3044676548572758,6,3,0.13071298599243164,42.55368010869873
-0.1415932568680939,6,3,0.12617039680480957,46.92364031823903
None,6,4,0.147597074508667,23.90829231974022
-0.41504314018725325,6,4,0.1444108486175537,45.214407329316344
-0.391454158167822,6,4,0.15738415718078613,43.53641711091782
-0.2806220810301048,6,4,0.12941765785217285,46.94642857142858
-0.17550180979435076,6,4,0.16452574729919434,47.12738853503185
None,6,5,0.18715238571166992,18.45764308526526
-0.4864770774690889,6,5,0.14964056015014648,40.35718620603555
-0.3287127162052732,6,5,0.13113045692443848,41.74633287966896
-0.21227626295083674,6,5,0.12482547760009766,45.22476039710882
-0.11041421110668852,6,5,0.1395113468170166,48.834983498349835
None,6,6,0.1546916961669922,21.692677166829508
-0.4356380143617215,6,6,0.132720947265625,41.18205592925211
-0.32099770865639016,6,6,0.1485276222229004,43.75740556144961
-0.27285362820098985,6,6,0.12942957878112793,44.21876605069036
-0.05356976816138189,6,6,0.11928677558898926,50.0
None,6,7,0.1760411262512207,27.060762373849776
-0.38927096304236053,6,7,0.12635588645935059,47.752197748971014
-0.366878369507243,6,7,0.15815448760986328,41.934333057103885
-0.2824258101650511,6,7,0.13433122634887695,43.67069108317354
-0.09782102772365009,6,7,0.14815044403076172,46.54433497536959
None,6,8,0.18261146545410156,22.93040883800119
-0.4002390495645852,6,8,0.14775395393371582,41.315847077988195
-0.29564071049769386,6,8,0.13611054420471191,41.10046824477277
-0.22003118293319932,6,8,0.15081071853637695,43.904077804588866
-0.08487712810066389,6,8,0.12737250328063965,46.586956521739125
None,6,9,0.16483855247497559,22.832959705370897
-0.4327193500990598,6,9,0.15555262565612793,41.938032423509085
-0.3173931517832881,6,9,0.12440896034240723,45.16389043644379
-0.24273522319720914,6,9,0.14491057395935059,43.171162945515796
-0.15322748334627018,6,9,0.12084269523620605,49.30081300813008
None,6,10,0.22233033180236816,32.473322858598955
-0.37299068638974636,6,10,0.19688725471496582,41.33008972572713
-0.2689517393945433,6,10,0.1299445629119873,42.21830483037411
-0.2618076135084801,6,10,0.15053749084472656,41.593406397081814
-0.14164814103429443,6,10,0.12280464172363281,48.0
None,7,1,0.14340543746948242,20.558414266204437
-0.4987170372472396,7,1,0.1550159454345703,42.357175336918495
-0.3139720633382357,7,1,0.13645148277282715,41.57397930085245
-0.24112472209332397,7,1,0.1531505584716797,46.360609914706785
-0.164475817401225,7,1,0.1709151268005371,45.90625
None,7,2,0.14890003204345703,24.146968614944484
-0.4745091513320145,7,2,0.1349475383758545,41.007768286749325
-0.27261837022550106,7,2,0.12394571304321289,46.30182572405657
-0.2250512654776784,7,2,0.12214803695678711,47.90809961354052
-0.1410996256917794,7,2,0.1293025016784668,42.94472361809045
None,7,3,0.14229106903076172,30.657616229799256
-0.41007115916461745,7,3,0.13504719734191895,33.7222085602572
-0.22579477787240604,7,3,0.12907910346984863,44.27077747989276
-0.3044676548572758,7,3,0.1472470760345459,42.55368010869873
-0.1415932568680939,7,3,0.12456464767456055,46.92364031823903
None,7,4,0.1600053310394287,23.90829231974022
-0.41504314018725325,7,4,0.14217615127563477,45.214407329316344
-0.391454158167822,7,4,0.1573634147644043,43.53641711091782
-0.2806220810301048,7,4,0.1335291862487793,46.94642857142858
-0.17550180979435076,7,4,0.12868189811706543,47.12738853503185
None,7,5,0.18511009216308594,18.45764308526526
-0.4864770774690889,7,5,0.15822434425354004,40.35718620603555
-0.3287127162052732,7,5,0.13472747802734375,41.74633287966896
-0.21227626295083674,7,5,0.12860369682312012,45.22476039710882
-0.11041421110668852,7,5,0.12357473373413086,48.834983498349835
None,7,6,0.1719529628753662,22.080138693620626
-0.4356380143617215,7,6,0.13704538345336914,41.18205592925211
-0.32099770865639016,7,6,0.1500546932220459,43.75740556144961
-0.27285362820098985,7,6,0.12839841842651367,44.21876605069036
-0.05356976816138189,7,6,0.1387951374053955,50.0
None,7,7,0.1629478931427002,27.060762373849776
-0.38927096304236053,7,7,0.17609524726867676,47.752197748971014
-0.366878369507243,7,7,0.13140344619750977,41.934333057103885
-0.2824258101650511,7,7,0.12830805778503418,43.67069108317354
-0.09782102772365009,7,7,0.1230320930480957,46.54433497536959
None,7,8,0.15939712524414062,22.93040883800119
-0.4002390495645852,7,8,0.16120409965515137,41.315847077988195
-0.29564071049769386,7,8,0.1499950885772705,41.10046824477277
-0.22003118293319932,7,8,0.1500566005706787,43.904077804588866
-0.08487712810066389,7,8,0.14375758171081543,46.586956521739125
None,7,9,0.16230154037475586,22.832959705370897
-0.4327193500990598,7,9,0.16380643844604492,41.938032423509085
-0.3173931517832881,7,9,0.12411999702453613,45.16389043644379
-0.24273522319720914,7,9,0.12801384925842285,43.171162945515796
-0.15322748334627018,7,9,0.12152361869812012,49.30081300813008
None,7,10,0.20725679397583008,32.473322858598955
-0.37299068638974636,7,10,0.1890394687652588,41.33008972572713
-0.2689517393945433,7,10,0.15253710746765137,42.21830483037411
-0.2618076135084801,7,10,0.13010454177856445,41.593406397081814
-0.14164814103429443,7,10,0.12037444114685059,48.0
None,8,1,0.14013934135437012,20.558414266204437
-0.4987170372472396,8,1,0.1593012809753418,42.357175336918495
-0.3139720633382357,8,1,0.13408279418945312,41.57397930085245
-0.24112472209332397,8,1,0.1327364444732666,46.360609914706785
-0.164475817401225,8,1,0.17417693138122559,45.90625
None,8,2,0.1472783088684082,24.146968614944484
-0.4745091513320145,8,2,0.1646406650543213,41.007768286749325
-0.27261837022550106,8,2,0.1301126480102539,46.30182572405657
-0.2250512654776784,8,2,0.12763094902038574,47.90809961354052
-0.1410996256917794,8,2,0.1722114086151123,42.94472361809045
None,8,3,0.15697884559631348,30.65773898710446
-0.41007115916461745,8,3,0.15054965019226074,33.7222085602572
-0.22579477787240604,8,3,0.15020132064819336,44.27077747989276
-0.3044676548572758,8,3,0.1314983367919922,42.55368010869873
-0.1415932568680939,8,3,0.14467954635620117,46.92364031823903
None,8,4,0.13873052597045898,23.90829231974022
-0.41504314018725325,8,4,0.13515114784240723,45.214407329316344
-0.391454158167822,8,4,0.13124895095825195,43.53641711091782
-0.2806220810301048,8,4,0.14542841911315918,46.94642857142858
-0.17550180979435076,8,4,0.12415409088134766,47.12738853503185
None,8,5,0.13909435272216797,18.45764308526526
-0.4864770774690889,8,5,0.15999627113342285,40.35718620603555
-0.3287127162052732,8,5,0.14986824989318848,41.74633287966896
-0.21227626295083674,8,5,0.12558579444885254,45.22476039710882
-0.11041421110668852,8,5,0.12173771858215332,48.834983498349835
None,8,6,0.15987896919250488,22.083205925252066
-0.4356380143617215,8,6,0.14159250259399414,41.18205592925211
-0.32099770865639016,8,6,0.14843297004699707,43.75740556144961
-0.27285362820098985,8,6,0.14326214790344238,44.21876605069036
-0.05356976816138189,8,6,0.1199638843536377,50.0
None,8,7,0.14548397064208984,27.060762373849776
-0.38927096304236053,8,7,0.12534022331237793,47.752197748971014
-0.366878369507243,8,7,0.1532304286956787,41.934333057103885
-0.2824258101650511,8,7,0.13063645362854004,43.67069108317354
-0.09782102772365009,8,7,0.1272590160369873,46.54433497536959
None,8,8,0.1564328670501709,22.93040883800119
-0.4002390495645852,8,8,0.14296388626098633,41.315847077988195
-0.29564071049769386,8,8,0.13093280792236328,41.10046824477277
-0.22003118293319932,8,8,0.17501616477966309,43.904077804588866
-0.08487712810066389,8,8,0.14141082763671875,46.586956521739125
None,8,9,0.2090151309967041,22.832959705370897
-0.4327193500990598,8,9,0.14104700088500977,41.938032423509085
-0.3173931517832881,8,9,0.14366793632507324,45.16389043644379
-0.24273522319720914,8,9,0.12584304809570312,43.171162945515796
-0.15322748334627018,8,9,0.12187671661376953,49.30081300813008
None,8,10,0.16441893577575684,32.473322858598955
-0.37299068638974636,8,10,0.17953109741210938,41.33008972572713
-0.2689517393945433,8,10,0.1498572826385498,42.21830483037411
-0.2618076135084801,8,10,0.1302964687347412,41.593406397081814
-0.14164814103429443,8,10,0.12421941757202148,48.0
None,9,1,0.1408693790435791,20.558414266204437
-0.4987170372472396,9,1,0.1349637508392334,42.357175336918495
-0.3139720633382357,9,1,0.1334238052368164,41.57397930085245
-0.24112472209332397,9,1,0.17110538482666016,46.360609914706785
-0.164475817401225,9,1,0.169633150100708,45.90625
None,9,2,0.13843798637390137,24.146968614944484
-0.4745091513320145,9,2,0.13505291938781738,41.007768286749325
-0.27261837022550106,9,2,0.12372565269470215,46.30182572405657
-0.2250512654776784,9,2,0.12268376350402832,47.90809961354052
-0.1410996256917794,9,2,0.14455795288085938,42.94472361809045
None,9,3,0.13561010360717773,30.65773898710446
-0.41007115916461745,9,3,0.14696836471557617,33.7222085602572
-0.22579477787240604,9,3,0.12796854972839355,44.27077747989276
-0.3044676548572758,9,3,0.12791872024536133,42.55368010869873
-0.1415932568680939,9,3,0.12542390823364258,46.92364031823903
None,9,4,0.13687896728515625,23.90829231974022
-0.41504314018725325,9,4,0.1403200626373291,45.214407329316344
-0.391454158167822,9,4,0.12832379341125488,43.53641711091782
-0.2806220810301048,9,4,0.1258699893951416,46.94642857142858
-0.17550180979435076,9,4,0.1624436378479004,47.12738853503185
None,9,5,0.135697603225708,18.45764308526526
-0.4864770774690889,9,5,0.1369163990020752,40.35718620603555
-0.3287127162052732,9,5,0.13013792037963867,41.74633287966896
-0.21227626295083674,9,5,0.12371182441711426,45.22476039710882
-0.11041421110668852,9,5,0.12116217613220215,48.834983498349835
None,9,6,0.13964629173278809,22.087208224840122
-0.4356380143617215,9,6,0.15236783027648926,41.18205592925211
-0.32099770865639016,9,6,0.16495513916015625,43.75740556144961
-0.27285362820098985,9,6,0.14428329467773438,44.21876605069036
-0.05356976816138189,9,6,0.1194007396697998,50.0
None,9,7,0.15864825248718262,27.060762373849776
-0.38927096304236053,9,7,0.14476966857910156,47.752197748971014
-0.366878369507243,9,7,0.13127756118774414,41.934333057103885
-0.2824258101650511,9,7,0.14457249641418457,43.67069108317354
-0.09782102772365009,9,7,0.12268781661987305,46.54433497536959
None,9,8,0.17340970039367676,22.93040883800119
-0.4002390495645852,9,8,0.16091585159301758,41.315847077988195
-0.29564071049769386,9,8,0.14110422134399414,41.10046824477277
-0.22003118293319932,9,8,0.1275327205657959,43.904077804588866
-0.08487712810066389,9,8,0.1437828540802002,46.586956521739125
None,9,9,0.13616394996643066,22.832959705370897
-0.4327193500990598,9,9,0.14365816116333008,41.938032423509085
-0.3173931517832881,9,9,0.12039732933044434,45.16389043644379
-0.24273522319720914,9,9,0.1421644687652588,43.171162945515796
-0.15322748334627018,9,9,0.11674141883850098,49.30081300813008
None,9,10,0.1578993797302246,32.473322858598955
-0.37299068638974636,9,10,0.13004660606384277,41.33008972572713
-0.2689517393945433,9,10,0.1479942798614502,42.21830483037411
-0.2618076135084801,9,10,0.12971258163452148,41.593406397081814
-0.14164814103429443,9,10,0.12167239189147949,48.0
None,10,1,0.1399235725402832,20.558414266204437
-0.4987170372472396,10,1,0.1321883201599121,42.357175336918495
-0.3139720633382357,10,1,0.15127205848693848,41.57397930085245
-0.24112472209332397,10,1,0.12786102294921875,46.360609914706785
-0.164475817401225,10,1,0.1360490322113037,45.90625
None,10,2,0.1570901870727539,24.146968614944484
-0.4745091513320145,10,2,0.14657235145568848,41.007768286749325
-0.27261837022550106,10,2,0.11999011039733887,46.30182572405657
-0.2250512654776784,10,2,0.12013578414916992,47.90809961354052
-0.1410996256917794,10,2,0.1454765796661377,42.94472361809045
None,10,3,0.15495729446411133,30.65773898710446
-0.41007115916461745,10,3,0.15680932998657227,33.7222085602572
-0.22579477787240604,10,3,0.12913107872009277,44.27077747989276
-0.3044676548572758,10,3,0.1303422451019287,42.55368010869873
-0.1415932568680939,10,3,0.12554311752319336,46.92364031823903
None,10,4,0.15361618995666504,23.90829231974022
-0.41504314018725325,10,4,0.13589048385620117,45.214407329316344
-0.391454158167822,10,4,0.1463301181793213,43.53641711091782
-0.2806220810301048,10,4,0.1593775749206543,46.94642857142858
-0.17550180979435076,10,4,0.1427297592163086,47.12738853503185
None,10,5,0.1486663818359375,18.45764308526526
-0.4864770774690889,10,5,0.1484203338623047,40.35718620603555
-0.3287127162052732,10,5,0.16768527030944824,41.74633287966896
-0.21227626295083674,10,5,0.12659144401550293,45.22476039710882
-0.11041421110668852,10,5,0.1422278881072998,48.834983498349835
None,10,6,0.1517629623413086,22.087208224840122
-0.4356380143617215,10,6,0.1412496566772461,41.18205592925211
-0.32099770865639016,10,6,0.12709784507751465,43.75740556144961
-0.27285362820098985,10,6,0.1261887550354004,44.21876605069036
-0.05356976816138189,10,6,0.11890292167663574,50.0
None,10,7,0.1404576301574707,27.060762373849776
-0.38927096304236053,10,7,0.12569737434387207,47.752197748971014
-0.366878369507243,10,7,0.15322351455688477,41.934333057103885
-0.2824258101650511,10,7,0.12706542015075684,43.67069108317352
-0.09782102772365009,10,7,0.14190030097961426,46.54433497536959
None,10,8,0.13735508918762207,22.93040883800119
-0.4002390495645852,10,8,0.1603548526763916,41.315847077988195
-0.29564071049769386,10,8,0.13094854354858398,41.10046824477277
-0.22003118293319932,10,8,0.12789344787597656,43.904077804588866
-0.08487712810066389,10,8,0.12265896797180176,46.586956521739125
None,10,9,0.15294885635375977,22.832959705370897
-0.4327193500990598,10,9,0.1441059112548828,41.938032423509085
-0.3173931517832881,10,9,0.12064623832702637,45.16389043644379
-0.24273522319720914,10,9,0.12508130073547363,43.171162945515796
-0.15322748334627018,10,9,0.13872122764587402,49.30081300813008
None,10,10,0.17620849609375,32.473322858598955
-0.37299068638974636,10,10,0.14484739303588867,41.33008972572713
-0.2689517393945433,10,10,0.12849879264831543,42.21830483037411
-0.2618076135084801,10,10,0.129225492477417,41.593406397081814
-0.14164814103429443,10,10,0.12273240089416504,48.0
None,11,1,0.1587820053100586,20.558414266204437
-0.4987170372472396,11,1,0.15089035034179688,42.357175336918495
-0.3139720633382357,11,1,0.15144634246826172,41.57397930085245
-0.24112472209332397,11,1,0.13954997062683105,46.360609914706785
-0.164475817401225,11,1,0.152299165725708,45.90625
None,11,2,0.14360976219177246,24.146968614944484
-0.4745091513320145,11,2,0.14043951034545898,41.007768286749325
-0.27261837022550106,11,2,0.1630566120147705,46.30182572405657
-0.2250512654776784,11,2,0.14419817924499512,47.90809961354052
-0.1410996256917794,11,2,0.13147187232971191,42.94472361809045
None,11,3,0.13548564910888672,30.65773898710446
-0.41007115916461745,11,3,0.13140535354614258,33.7222085602572
-0.22579477787240604,11,3,0.12789177894592285,44.27077747989276
-0.3044676548572758,11,3,0.12491583824157715,42.55368010869873
-0.1415932568680939,11,3,0.12256050109863281,46.92364031823903
None,11,4,0.1537456512451172,23.90829231974022
-0.41504314018725325,11,4,0.16332411766052246,45.214407329316344
-0.391454158167822,11,4,0.12600398063659668,43.53641711091782
-0.2806220810301048,11,4,0.12353944778442383,46.94642857142858
-0.17550180979435076,11,4,0.1588146686553955,47.12738853503185
None,11,5,0.15574932098388672,18.45764308526526
-0.4864770774690889,11,5,0.14946722984313965,40.35718620603555
-0.3287127162052732,11,5,0.14560508728027344,41.74633287966896
-0.21227626295083674,11,5,0.12447047233581543,45.22476039710882
-0.11041421110668852,11,5,0.11837410926818848,48.834983498349835
None,11,6,0.13674569129943848,22.087208224840122
-0.4356380143617215,11,6,0.15021824836730957,41.18205592925211
-0.32099770865639016,11,6,0.14537525177001953,43.75740556144961
-0.27285362820098985,11,6,0.14221668243408203,44.21876605069036
-0.05356976816138189,11,6,0.14067840576171875,50.0
None,11,7,0.14124560356140137,27.060762373849776
-0.38927096304236053,11,7,0.1413099765777588,47.752197748971014
-0.366878369507243,11,7,0.15308332443237305,41.934333057103885
-0.2824258101650511,11,7,0.12938356399536133,43.67069108317352
-0.09782102772365009,11,7,0.1273024082183838,46.54433497536959
None,11,8,0.1422443389892578,22.93040883800119
-0.4002390495645852,11,8,0.12930846214294434,41.315847077988195
-0.29564071049769386,11,8,0.1440589427947998,41.10046824477277
-0.22003118293319932,11,8,0.12738633155822754,43.904077804588866
-0.08487712810066389,11,8,0.12404417991638184,46.586956521739125
None,11,9,0.13817763328552246,22.832959705370897
-0.4327193500990598,11,9,0.1843094825744629,41.938032423509085
-0.3173931517832881,11,9,0.12310910224914551,45.16389043644379
-0.24273522319720914,11,9,0.12337183952331543,43.171162945515796
-0.15322748334627018,11,9,0.1177973747253418,49.30081300813008
None,11,10,0.14000678062438965,32.473322858598955
-0.37299068638974636,11,10,0.1628415584564209,41.33008972572713
-0.2689517393945433,11,10,0.12665510177612305,42.21830483037411
-0.2618076135084801,11,10,0.12841010093688965,41.593406397081814
-0.14164814103429443,11,10,0.11974167823791504,48.0
None,12,1,0.15526747703552246,20.558414266204437
-0.4987170372472396,12,1,0.13433289527893066,42.357175336918495
-0.3139720633382357,12,1,0.13252878189086914,41.57397930085245
-0.24112472209332397,12,1,0.15085625648498535,46.360609914706785
-0.164475817401225,12,1,0.15450572967529297,45.90625
None,12,2,0.15532970428466797,24.146968614944484
-0.4745091513320145,12,2,0.14676284790039062,41.007768286749325
-0.27261837022550106,12,2,0.12135863304138184,46.30182572405657
-0.2250512654776784,12,2,0.1220088005065918,47.90809961354052
-0.1410996256917794,12,2,0.1294867992401123,42.94472361809045
None,12,3,0.13276195526123047,30.65773898710446
-0.41007115916461745,12,3,0.13410162925720215,33.7222085602572
-0.22579477787240604,12,3,0.1457996368408203,44.27077747989276
-0.3044676548572758,12,3,0.12799310684204102,42.55368010869873
-0.1415932568680939,12,3,0.14214468002319336,46.92364031823903
None,12,4,0.17341089248657227,23.90829231974022
-0.41504314018725325,12,4,0.14618825912475586,45.214407329316344
-0.391454158167822,12,4,0.13155460357666016,43.53641711091782
-0.2806220810301048,12,4,0.13542914390563965,46.94642857142858
-0.17550180979435076,12,4,0.12285423278808594,47.12738853503185
None,12,5,0.15629172325134277,18.45764308526526
-0.4864770774690889,12,5,0.15947866439819336,40.35718620603555
-0.3287127162052732,12,5,0.12704753875732422,41.74633287966896
-0.21227626295083674,12,5,0.1260685920715332,45.22476039710882
-0.11041421110668852,12,5,0.14083147048950195,48.834983498349835
None,12,6,0.15812373161315918,22.087208224840122
-0.4356380143617215,12,6,0.15951323509216309,41.18205592925211
-0.32099770865639016,12,6,0.16341209411621094,43.75740556144961
-0.27285362820098985,12,6,0.12467312812805176,44.21876605069036
-0.05356976816138189,12,6,0.12116789817810059,50.0
None,12,7,0.15694713592529297,27.060762373849776
-0.38927096304236053,12,7,0.14524126052856445,47.752197748971014
-0.366878369507243,12,7,0.12903714179992676,41.934333057103885
-0.2824258101650511,12,7,0.1277627944946289,43.67069108317352
-0.09782102772365009,12,7,0.12574386596679688,46.54433497536959
None,12,8,0.15553760528564453,22.93040883800119
-0.4002390495645852,12,8,0.1404738426208496,41.315847077988195
-0.29564071049769386,12,8,0.1283106803894043,41.10046824477277
-0.22003118293319932,12,8,0.1602342128753662,43.904077804588866
-0.08487712810066389,12,8,0.12360072135925293,46.586956521739125
None,12,9,0.15462565422058105,22.832959705370897
-0.4327193500990598,12,9,0.1555650234222412,41.938032423509085
-0.3173931517832881,12,9,0.12456488609313965,45.16389043644379
-0.24273522319720914,12,9,0.12764191627502441,43.171162945515796
-0.15322748334627018,12,9,0.1375279426574707,49.30081300813008
None,12,10,0.17353534698486328,32.473322858598955
-0.37299068638974636,12,10,0.14611220359802246,41.33008972572713
-0.2689517393945433,12,10,0.12725114822387695,42.21830483037411
-0.2618076135084801,12,10,0.14558768272399902,41.593406397081814
-0.14164814103429443,12,10,0.12087202072143555,48.0
None,13,1,0.1476762294769287,20.558414266204437
-0.4987170372472396,13,1,0.16078400611877441,42.357175336918495
-0.3139720633382357,13,1,0.13232684135437012,41.57397930085245
-0.24112472209332397,13,1,0.15312981605529785,46.360609914706785
-0.164475817401225,13,1,0.18921351432800293,45.90625
None,13,2,0.15450572967529297,24.146968614944484
-0.4745091513320145,13,2,0.14017915725708008,41.007768286749325
-0.27261837022550106,13,2,0.12103056907653809,46.30182572405657
-0.2250512654776784,13,2,0.11829757690429688,47.90809961354052
-0.1410996256917794,13,2,0.12309408187866211,42.94472361809045
None,13,3,0.13462042808532715,30.65773898710446
-0.41007115916461745,13,3,0.15361952781677246,33.7222085602572
-0.22579477787240604,13,3,0.1271224021911621,44.27077747989276
-0.3044676548572758,13,3,0.12418913841247559,42.55368010869873
-0.1415932568680939,13,3,0.12003874778747559,46.92364031823903
None,13,4,0.13587260246276855,23.90829231974022
-0.41504314018725325,13,4,0.13837909698486328,45.214407329316344
-0.391454158167822,13,4,0.12923789024353027,43.53641711091782
-0.2806220810301048,13,4,0.14566946029663086,46.94642857142858
-0.17550180979435076,13,4,0.12234020233154297,47.12738853503185
None,13,5,0.1360163688659668,18.45764308526526
-0.4864770774690889,13,5,0.1379566192626953,40.35718620603555
-0.3287127162052732,13,5,0.1275014877319336,41.74633287966896
-0.21227626295083674,13,5,0.12346386909484863,45.22476039710882
-0.11041421110668852,13,5,0.13952231407165527,48.834983498349835
None,13,6,0.15608453750610352,22.087208224840122
-0.4356380143617215,13,6,0.16138792037963867,41.18205592925211
-0.32099770865639016,13,6,0.1658458709716797,43.75740556144961
-0.27285362820098985,13,6,0.1266467571258545,44.21876605069036
-0.05356976816138189,13,6,0.1432819366455078,50.0
None,13,7,0.1388542652130127,27.060762373849776
-0.38927096304236053,13,7,0.12458348274230957,47.752197748971014
-0.366878369507243,13,7,0.1308903694152832,41.934333057103885
-0.2824258101650511,13,7,0.15334105491638184,43.67069108317352
-0.09782102772365009,13,7,0.12455439567565918,46.54433497536959
None,13,8,0.13606619834899902,22.93040883800119
-0.4002390495645852,13,8,0.14695072174072266,41.315847077988195
-0.29564071049769386,13,8,0.12647271156311035,41.10046824477277
-0.22003118293319932,13,8,0.12612080574035645,43.904077804588866
-0.08487712810066389,13,8,0.12604856491088867,46.586956521739125
None,13,9,0.21470069885253906,22.832959705370897
-0.4327193500990598,13,9,0.17402100563049316,41.938032423509085
-0.3173931517832881,13,9,0.126875638961792,45.16389043644379
-0.24273522319720914,13,9,0.14725208282470703,43.171162945515796
-0.15322748334627018,13,9,0.1226654052734375,49.30081300813008
None,13,10,0.1410069465637207,32.473322858598955
-0.37299068638974636,13,10,0.13286447525024414,41.33008972572713
-0.2689517393945433,13,10,0.13075923919677734,42.21830483037411
-0.2618076135084801,13,10,0.13043713569641113,41.593406397081814
-0.14164814103429443,13,10,0.1235036849975586,48.0
None,14,1,0.13703155517578125,20.558414266204437
-0.4987170372472396,14,1,0.15809321403503418,42.357175336918495
-0.3139720633382357,14,1,0.1327226161956787,41.57397930085245
-0.24112472209332397,14,1,0.16616225242614746,46.360609914706785
-0.164475817401225,14,1,0.14949560165405273,45.90625
None,14,2,0.13854408264160156,24.146968614944484
-0.4745091513320145,14,2,0.13075733184814453,41.007768286749325
-0.27261837022550106,14,2,0.12334227561950684,46.30182572405657
-0.2250512654776784,14,2,0.12279629707336426,47.90809961354052
-0.1410996256917794,14,2,0.1273789405822754,42.94472361809045
None,14,3,0.14927005767822266,30.65773898710446
-0.41007115916461745,14,3,0.13420867919921875,33.7222085602572
-0.22579477787240604,14,3,0.12646818161010742,44.27077747989276
-0.3044676548572758,14,3,0.12364840507507324,42.55368010869873
-0.1415932568680939,14,3,0.14133238792419434,46.92364031823903
None,14,4,0.16066741943359375,23.90829231974022
-0.41504314018725325,14,4,0.13793587684631348,45.214407329316344
-0.391454158167822,14,4,0.12662506103515625,43.53641711091782
-0.2806220810301048,14,4,0.14638757705688477,46.94642857142858
-0.17550180979435076,14,4,0.12426495552062988,47.12738853503185
None,14,5,0.1380770206451416,18.45764308526526
-0.4864770774690889,14,5,0.14783024787902832,40.35718620603555
-0.3287127162052732,14,5,0.12817120552062988,41.74633287966896
-0.21227626295083674,14,5,0.12473344802856445,45.22476039710882
-0.11041421110668852,14,5,0.11967062950134277,48.834983498349835
None,14,6,0.1374654769897461,22.087208224840122
-0.4356380143617215,14,6,0.12890982627868652,41.18205592925211
-0.32099770865639016,14,6,0.1238548755645752,43.75740556144961
-0.27285362820098985,14,6,0.12422370910644531,44.21876605069036
-0.05356976816138189,14,6,0.1199953556060791,50.0
None,14,7,0.15396785736083984,27.060762373849776
-0.38927096304236053,14,7,0.16065692901611328,47.752197748971014
-0.366878369507243,14,7,0.1495037078857422,41.934333057103885
-0.2824258101650511,14,7,0.1279456615447998,43.67069108317352
-0.09782102772365009,14,7,0.12343740463256836,46.54433497536959
None,14,8,0.15483665466308594,22.93040883800119
-0.4002390495645852,14,8,0.12777447700500488,41.315847077988195
-0.29564071049769386,14,8,0.1272110939025879,41.10046824477277
-0.22003118293319932,14,8,0.12412309646606445,43.904077804588866
-0.08487712810066389,14,8,0.1236119270324707,46.586956521739125
None,14,9,0.1340179443359375,22.832959705370897
-0.4327193500990598,14,9,0.14713168144226074,41.938032423509085
-0.3173931517832881,14,9,0.1373450756072998,45.16389043644379
-0.24273522319720914,14,9,0.14397501945495605,43.171162945515796
-0.15322748334627018,14,9,0.11672592163085938,49.30081300813008
None,14,10,0.15235614776611328,32.473322858598955
-0.37299068638974636,14,10,0.15572905540466309,41.33008972572713
-0.2689517393945433,14,10,0.1459980010986328,42.21830483037411
-0.2618076135084801,14,10,0.14242053031921387,41.593406397081814
-0.14164814103429443,14,10,0.13585138320922852,48.0
None,15,1,0.1379544734954834,20.558414266204437
-0.4987170372472396,15,1,0.162827730178833,42.357175336918495
-0.3139720633382357,15,1,0.1287548542022705,41.57397930085245
-0.24112472209332397,15,1,0.14741873741149902,46.360609914706785
-0.164475817401225,15,1,0.18473482131958008,45.90625
None,15,2,0.15407943725585938,24.146968614944484
-0.4745091513320145,15,2,0.1342315673828125,41.007768286749325
-0.27261837022550106,15,2,0.12193465232849121,46.30182572405657
-0.2250512654776784,15,2,0.1205589771270752,47.90809961354052
-0.1410996256917794,15,2,0.12347292900085449,42.94472361809045
None,15,3,0.15114545822143555,30.65773898710446
-0.41007115916461745,15,3,0.1498124599456787,33.7222085602572
-0.22579477787240604,15,3,0.12443089485168457,44.27077747989276
-0.3044676548572758,15,3,0.12342262268066406,42.55368010869873
-0.1415932568680939,15,3,0.12006902694702148,46.92364031823903
None,15,4,0.15166902542114258,23.90829231974022
-0.41504314018725325,15,4,0.1465604305267334,45.214407329316344
-0.391454158167822,15,4,0.12743473052978516,43.53641711091782
-0.2806220810301048,15,4,0.12468600273132324,46.94642857142858
-0.17550180979435076,15,4,0.14237046241760254,47.12738853503185
None,15,5,0.14967703819274902,18.45764308526526
-0.4864770774690889,15,5,0.13713574409484863,40.35718620603555
-0.3287127162052732,15,5,0.14420819282531738,41.74633287966897
-0.21227626295083674,15,5,0.1215367317199707,45.22476039710882
-0.11041421110668852,15,5,0.11870694160461426,48.834983498349835
None,15,6,0.1542520523071289,22.087208224840122
-0.4356380143617215,15,6,0.1378796100616455,41.18205592925211
-0.32099770865639016,15,6,0.1609668731689453,43.75740556144961
-0.27285362820098985,15,6,0.13946151733398438,44.21876605069036
-0.05356976816138189,15,6,0.13887476921081543,50.0
None,15,7,0.13710355758666992,27.060762373849776
-0.38927096304236053,15,7,0.14614439010620117,47.752197748971014
-0.366878369507243,15,7,0.12789201736450195,41.934333057103885
-0.2824258101650511,15,7,0.12761950492858887,43.67069108317354
-0.09782102772365009,15,7,0.1411149501800537,46.54433497536959
None,15,8,0.1339707374572754,22.93040883800119
-0.4002390495645852,15,8,0.1379706859588623,41.315847077988195
-0.29564071049769386,15,8,0.12743353843688965,41.10046824477277
-0.22003118293319932,15,8,0.12352490425109863,43.904077804588866
-0.08487712810066389,15,8,0.12284278869628906,46.586956521739125
None,15,9,0.15573620796203613,22.832959705370897
-0.4327193500990598,15,9,0.14875268936157227,41.938032423509085
-0.3173931517832881,15,9,0.12235379219055176,45.16389043644379
-0.24273522319720914,15,9,0.12392091751098633,43.171162945515796
-0.15322748334627018,15,9,0.1176612377166748,49.30081300813008
None,15,10,0.13638901710510254,32.473322858598955
-0.37299068638974636,15,10,0.1385049819946289,41.33008972572713
-0.2689517393945433,15,10,0.1276845932006836,42.21830483037411
-0.2618076135084801,15,10,0.12960171699523926,41.593406397081814
-0.14164814103429443,15,10,0.12165689468383789,48.0
None,16,1,0.13649988174438477,20.558414266204437
-0.4987170372472396,16,1,0.178267240524292,42.357175336918495
-0.3139720633382357,16,1,0.12813520431518555,41.57397930085245
-0.24112472209332397,16,1,0.1463015079498291,46.360609914706785
-0.164475817401225,16,1,0.14894485473632812,45.90625
None,16,2,0.15546870231628418,24.146968614944484
-0.4745091513320145,16,2,0.16541385650634766,41.007768286749325
-0.27261837022550106,16,2,0.14163804054260254,46.30182572405657
-0.2250512654776784,16,2,0.12146568298339844,47.90809961354052
-0.1410996256917794,16,2,0.14342498779296875,42.94472361809045
None,16,3,0.13296890258789062,30.65773898710446
-0.41007115916461745,16,3,0.14442205429077148,33.7222085602572
-0.22579477787240604,16,3,0.12802457809448242,44.27077747989276
-0.3044676548572758,16,3,0.12677669525146484,42.55368010869873
-0.1415932568680939,16,3,0.12166070938110352,46.92364031823902
None,16,4,0.1450810432434082,23.90829231974022
-0.41504314018725325,16,4,0.13872623443603516,45.214407329316344
-0.391454158167822,16,4,0.12853527069091797,43.53641711091782
-0.2806220810301048,16,4,0.144775390625,46.94642857142858
-0.17550180979435076,16,4,0.14328646659851074,47.12738853503185
None,16,5,0.15519952774047852,18.45764308526526
-0.4864770774690889,16,5,0.13748860359191895,40.35718620603555
-0.3287127162052732,16,5,0.12731552124023438,41.74633287966896
-0.21227626295083674,16,5,0.12511897087097168,45.22476039710882
-0.11041421110668852,16,5,0.1216886043548584,48.834983498349835
None,16,6,0.1590251922607422,22.087208224840122
-0.4356380143617215,16,6,0.13322734832763672,41.18205592925211
-0.32099770865639016,16,6,0.18096542358398438,43.75740556144961
-0.27285362820098985,16,6,0.14487910270690918,44.21876605069036
-0.05356976816138189,16,6,0.12388992309570312,50.0
None,16,7,0.16045784950256348,27.060762373849776
-0.38927096304236053,16,7,0.1340186595916748,47.752197748971014
-0.366878369507243,16,7,0.1340773105621338,41.934333057103885
-0.2824258101650511,16,7,0.1491401195526123,43.67069108317352
-0.09782102772365009,16,7,0.1465914249420166,46.54433497536959
None,16,8,0.1529216766357422,22.930408838001192
-0.4002390495645852,16,8,0.14933371543884277,41.315847077988195
-0.29564071049769386,16,8,0.12868857383728027,41.10046824477277
-0.22003118293319932,16,8,0.12360477447509766,43.904077804588866
-0.08487712810066389,16,8,0.1244196891784668,46.586956521739125
None,16,9,0.17409515380859375,22.832959705370897
-0.4327193500990598,16,9,0.1441347599029541,41.938032423509085
-0.3173931517832881,16,9,0.12273836135864258,45.16389043644379
-0.24273522319720914,16,9,0.1479501724243164,43.171162945515796
-0.15322748334627018,16,9,0.13844513893127441,49.30081300813008
None,16,10,0.15445375442504883,32.473322858598955
-0.37299068638974636,16,10,0.14789271354675293,41.33008972572713
-0.2689517393945433,16,10,0.1342458724975586,42.21830483037411
-0.2618076135084801,16,10,0.149338960647583,41.593406397081814
-0.14164814103429443,16,10,0.11753368377685547,48.0
None,17,1,0.13751578330993652,20.558414266204437
-0.4987170372472396,17,1,0.13561582565307617,42.357175336918495
-0.3139720633382357,17,1,0.1303880214691162,41.57397930085245
-0.24112472209332397,17,1,0.13131332397460938,46.360609914706785
-0.164475817401225,17,1,0.13407301902770996,45.90625
None,17,2,0.17468667030334473,24.146968614944484
-0.4745091513320145,17,2,0.1829664707183838,41.007768286749325
-0.27261837022550106,17,2,0.12276458740234375,46.30182572405657
-0.2250512654776784,17,2,0.12239813804626465,47.90809961354052
-0.1410996256917794,17,2,0.1278858184814453,42.94472361809045
None,17,3,0.13079452514648438,30.657738987104462
-0.41007115916461745,17,3,0.1619253158569336,33.7222085602572
-0.22579477787240604,17,3,0.1277449131011963,44.27077747989276
-0.3044676548572758,17,3,0.12746167182922363,42.55368010869873
-0.1415932568680939,17,3,0.14156651496887207,46.92364031823902
None,17,4,0.13405418395996094,23.90829231974022
-0.41504314018725325,17,4,0.1369771957397461,45.214407329316344
-0.391454158167822,17,4,0.1262831687927246,43.53641711091782
-0.2806220810301048,17,4,0.1239933967590332,46.94642857142858
-0.17550180979435076,17,4,0.12319779396057129,47.12738853503185
None,17,5,0.15352535247802734,18.45764308526526
-0.4864770774690889,17,5,0.1556699275970459,40.35718620603555
-0.3287127162052732,17,5,0.1255812644958496,41.74633287966896
-0.21227626295083674,17,5,0.12297701835632324,45.22476039710882
-0.11041421110668852,17,5,0.1206519603729248,48.834983498349835
None,17,6,0.15418505668640137,22.087208224840126
-0.4356380143617215,17,6,0.14260315895080566,41.18205592925211
-0.32099770865639016,17,6,0.14322710037231445,43.75740556144961
-0.27285362820098985,17,6,0.15920352935791016,44.21876605069036
-0.05356976816138189,17,6,0.12053108215332031,50.0
None,17,7,0.13480710983276367,27.060762373849766
-0.38927096304236053,17,7,0.12423372268676758,47.752197748971014
-0.366878369507243,17,7,0.14429473876953125,41.934333057103885
-0.2824258101650511,17,7,0.1272890567779541,43.67069108317352
-0.09782102772365009,17,7,0.12054729461669922,46.54433497536959
None,17,8,0.15232634544372559,22.930408838001192
-0.4002390495645852,17,8,0.13088274002075195,41.315847077988195
-0.29564071049769386,17,8,0.1252293586730957,41.10046824477277
-0.22003118293319932,17,8,0.12337565422058105,43.904077804588866
-0.08487712810066389,17,8,0.14474964141845703,46.586956521739125
None,17,9,0.1358480453491211,22.832959705370897
-0.4327193500990598,17,9,0.14327669143676758,41.938032423509085
-0.3173931517832881,17,9,0.12093782424926758,45.16389043644379
-0.24273522319720914,17,9,0.12590861320495605,43.171162945515796
-0.15322748334627018,17,9,0.11919546127319336,49.30081300813008
None,17,10,0.15298700332641602,32.473322858598955
-0.37299068638974636,17,10,0.18212532997131348,41.33008972572713
-0.2689517393945433,17,10,0.14674663543701172,42.21830483037411
-0.2618076135084801,17,10,0.12864327430725098,41.593406397081814
-0.14164814103429443,17,10,0.12141823768615723,48.0
None,18,1,0.15703678131103516,20.55841426620443
-0.4987170372472396,18,1,0.16213226318359375,42.357175336918495
-0.3139720633382357,18,1,0.150770902633667,41.57397930085245
-0.24112472209332397,18,1,0.14731574058532715,46.360609914706785
-0.164475817401225,18,1,0.13921809196472168,45.90625
None,18,2,0.13310790061950684,24.146968614944484
-0.4745091513320145,18,2,0.15561389923095703,41.007768286749325
-0.27261837022550106,18,2,0.11951708793640137,46.30182572405657
-0.2250512654776784,18,2,0.1194303035736084,47.90809961354052
-0.1410996256917794,18,2,0.14498114585876465,42.94472361809045
None,18,3,0.13159418106079102,30.657738987104462
-0.41007115916461745,18,3,0.17121577262878418,33.7222085602572
-0.22579477787240604,18,3,0.1282942295074463,44.27077747989276
-0.3044676548572758,18,3,0.1252591609954834,42.55368010869873
-0.1415932568680939,18,3,0.11909604072570801,46.92364031823902
None,18,4,0.15442585945129395,23.90829231974022
-0.41504314018725325,18,4,0.16685056686401367,45.214407329316344
-0.391454158167822,18,4,0.12906646728515625,43.53641711091782
-0.2806220810301048,18,4,0.1270442008972168,46.94642857142858
-0.17550180979435076,18,4,0.12543749809265137,47.12738853503185
None,18,5,0.1529679298400879,18.45764308526526
-0.4864770774690889,18,5,0.12748169898986816,40.35718620603555
-0.3287127162052732,18,5,0.14752650260925293,41.74633287966896
-0.21227626295083674,18,5,0.12460756301879883,45.22476039710882
-0.11041421110668852,18,5,0.12154746055603027,48.834983498349835
None,18,6,0.13353180885314941,22.087208224840126
-0.4356380143617215,18,6,0.1398451328277588,41.1820559292521
-0.32099770865639016,18,6,0.14450883865356445,43.75740556144961
-0.27285362820098985,18,6,0.12345004081726074,44.21876605069036
-0.05356976816138189,18,6,0.12051534652709961,50.0
None,18,7,0.13538217544555664,27.060762373849766
-0.38927096304236053,18,7,0.12165021896362305,47.752197748971014
-0.366878369507243,18,7,0.130141019821167,41.934333057103885
-0.2824258101650511,18,7,0.12662816047668457,43.67069108317352
-0.09782102772365009,18,7,0.12392497062683105,46.54433497536959
None,18,8,0.13421010971069336,22.930408838001192
-0.4002390495645852,18,8,0.14121365547180176,41.315847077988195
-0.29564071049769386,18,8,0.12995553016662598,41.10046824477277
-0.22003118293319932,18,8,0.14301681518554688,43.904077804588866
-0.08487712810066389,18,8,0.14690017700195312,46.586956521739125
None,18,9,0.1729438304901123,22.832959705370897
-0.4327193500990598,18,9,0.14857172966003418,41.938032423509085
-0.3173931517832881,18,9,0.12240386009216309,45.16389043644379
-0.24273522319720914,18,9,0.12388134002685547,43.171162945515796
-0.15322748334627018,18,9,0.1371908187866211,49.30081300813008
None,18,10,0.1531054973602295,32.473322858598955
-0.37299068638974636,18,10,0.14659452438354492,41.33008972572712
-0.2689517393945433,18,10,0.12619638442993164,42.21830483037411
-0.2618076135084801,18,10,0.1253185272216797,41.593406397081814
-0.14164814103429443,18,10,0.12086057662963867,48.0
None,19,1,0.1537919044494629,20.558414266204434
-0.4987170372472396,19,1,0.15132522583007812,42.357175336918495
-0.3139720633382357,19,1,0.12872672080993652,41.57397930085245
-0.24112472209332397,19,1,0.14529132843017578,46.360609914706785
-0.164475817401225,19,1,0.12933015823364258,45.90625
None,19,2,0.13666963577270508,24.14696861494448
-0.4745091513320145,19,2,0.15909671783447266,41.007768286749325
-0.27261837022550106,19,2,0.12277793884277344,46.30182572405657
-0.2250512654776784,19,2,0.12165284156799316,47.90809961354052
-0.1410996256917794,19,2,0.12714076042175293,42.94472361809045
None,19,3,0.14947080612182617,30.657738987104462
-0.41007115916461745,19,3,0.12975859642028809,33.7222085602572
-0.22579477787240604,19,3,0.1260669231414795,44.27077747989276
-0.3044676548572758,19,3,0.12418532371520996,42.55368010869873
-0.1415932568680939,19,3,0.13813161849975586,46.92364031823902
None,19,4,0.1341109275817871,23.90829231974022
-0.41504314018725325,19,4,0.1292860507965088,45.214407329316344
-0.391454158167822,19,4,0.12711238861083984,43.53641711091782
-0.2806220810301048,19,4,0.15875482559204102,46.94642857142858
-0.17550180979435076,19,4,0.12453913688659668,47.12738853503185
None,19,5,0.15545368194580078,18.45764308526526
-0.4864770774690889,19,5,0.16257691383361816,40.35718620603555
-0.3287127162052732,19,5,0.1461777687072754,41.74633287966896
-0.21227626295083674,19,5,0.12545228004455566,45.22476039710882
-0.11041421110668852,19,5,0.12140679359436035,48.834983498349835
None,19,6,0.15345168113708496,22.087208224840126
-0.4356380143617215,19,6,0.15159964561462402,41.1820559292521
-0.32099770865639016,19,6,0.1451098918914795,43.757405561449616
-0.27285362820098985,19,6,0.125929594039917,44.21876605069036
-0.05356976816138189,19,6,0.1202242374420166,50.0
None,19,7,0.1347815990447998,27.060762373849766
-0.38927096304236053,19,7,0.13064908981323242,47.752197748971014
-0.366878369507243,19,7,0.13153457641601562,41.934333057103885
-0.2824258101650511,19,7,0.12542200088500977,43.67069108317352
-0.09782102772365009,19,7,0.12304306030273438,46.54433497536959
None,19,8,0.13410544395446777,22.930408838001192
-0.4002390495645852,19,8,0.13989639282226562,41.315847077988195
-0.29564071049769386,19,8,0.13010549545288086,41.10046824477277
-0.22003118293319932,19,8,0.14538979530334473,43.904077804588866
-0.08487712810066389,19,8,0.12773919105529785,46.586956521739125
None,19,9,0.13450956344604492,22.832959705370897
-0.4327193500990598,19,9,0.14078617095947266,41.938032423509085
-0.3173931517832881,19,9,0.11862826347351074,45.16389043644379
-0.24273522319720914,19,9,0.12147831916809082,43.171162945515796
-0.15322748334627018,19,9,0.11638212203979492,49.30081300813008
None,19,10,0.13225483894348145,32.473322858598955
-0.37299068638974636,19,10,0.17320036888122559,41.33008972572712
-0.2689517393945433,19,10,0.14481019973754883,42.21830483037411
-0.2618076135084801,19,10,0.14456820487976074,41.593406397081814
-0.14164814103429443,19,10,0.13818907737731934,48.0
None,20,1,0.1287531852722168,20.55841426620444
-0.4987170372472396,20,1,0.12442755699157715,42.35717533691849
-0.3139720633382357,20,1,0.1217041015625,41.57397930085245
-0.24112472209332397,20,1,0.1405487060546875,46.360609914706785
-0.164475817401225,20,1,0.1673886775970459,45.90625
None,20,2,0.1489551067352295,24.146968614944484
-0.4745091513320145,20,2,0.12650823593139648,41.007768286749325
-0.27261837022550106,20,2,0.1164238452911377,46.301825724056556
-0.2250512654776784,20,2,0.11618232727050781,47.90809961354052
-0.1410996256917794,20,2,0.1382608413696289,42.94472361809045
None,20,3,0.12566137313842773,30.657738987104462
-0.41007115916461745,20,3,0.15273308753967285,33.7222085602572
-0.22579477787240604,20,3,0.1196439266204834,44.27077747989276
-0.3044676548572758,20,3,0.119384765625,42.55368010869873
-0.1415932568680939,20,3,0.11699795722961426,46.92364031823902
None,20,4,0.12668132781982422,23.90829231974022
-0.41504314018725325,20,4,0.1358027458190918,45.21440732931633
-0.391454158167822,20,4,0.13775181770324707,43.53641711091781
-0.2806220810301048,20,4,0.11913585662841797,46.94642857142858
-0.17550180979435076,20,4,0.1137237548828125,47.12738853503185
None,20,5,0.14319658279418945,18.45764308526526
-0.4864770774690889,20,5,0.13109946250915527,40.35718620603555
-0.3287127162052732,20,5,0.11692214012145996,41.74633287966897
-0.21227626295083674,20,5,0.15151238441467285,45.22476039710882
-0.11041421110668852,20,5,0.15004181861877441,48.834983498349835
None,20,6,0.12642312049865723,22.08720822484012
-0.4356380143617215,20,6,0.15315032005310059,41.1820559292521
-0.32099770865639016,20,6,0.1382431983947754,43.757405561449616
-0.27285362820098985,20,6,0.12014341354370117,44.21876605069036
-0.05356976816138189,20,6,0.11750936508178711,50.0
None,20,7,0.16560935974121094,27.060762373849776
-0.38927096304236053,20,7,0.13688993453979492,47.752197748971014
-0.366878369507243,20,7,0.12248015403747559,41.93433305710389
-0.2824258101650511,20,7,0.12263631820678711,43.67069108317352
-0.09782102772365009,20,7,0.11906290054321289,46.54433497536959
None,20,8,0.12739801406860352,22.93040883800118
-0.4002390495645852,20,8,0.1620042324066162,41.315847077988195
-0.29564071049769386,20,8,0.12081646919250488,41.10046824477277
-0.22003118293319932,20,8,0.118682861328125,43.90407780458886
-0.08487712810066389,20,8,0.16154837608337402,46.586956521739125
None,20,9,0.12482690811157227,22.8329597053709
-0.4327193500990598,20,9,0.15456390380859375,41.938032423509085
-0.3173931517832881,20,9,0.11937355995178223,45.16389043644379
-0.24273522319720914,20,9,0.12081694602966309,43.171162945515796
-0.15322748334627018,20,9,0.11421418190002441,49.30081300813008
None,20,10,0.16327786445617676,32.473322858598955
-0.37299068638974636,20,10,0.1297438144683838,41.33008972572713
-0.2689517393945433,20,10,0.11771678924560547,42.21830483037411
-0.2618076135084801,20,10,0.12097001075744629,41.59340639708182
-0.14164814103429443,20,10,0.11603689193725586,48.0
